0278
0070
0321
0271
0272
0193
0188
0002
0107
0295
0166
0003
0106
0263
0020
0119
0083
0132
0062
0210
0217
0103
0147
0292
0149
0302
0027
0293
0028
0046
0080
0029
0284
0040
0126
0176
0249
0296
0092
0245
0086
0038
0207
0277
0144
0055
0051
0082
0006
0310
0039
0186
0164
0291
0262
0017
0323
0185
0209
0158
0078
0191
0015
0050
0053
0069
0222
0261
0280
0129
0143
0063
0286
0307
0212
0229
0123
0162
0190
0227
0090
0281
0084
0128
0224
0011
0079
0060
0100
0010
0152
0204
0255
0116
0133
0096
0033
0088
0220
0013
0171
0089
0233
0014
0300
0118
0073
0269
0068
0160
0303
0112
0098
0071
0005
0246
0248
0205
0242
0282
0136
0267
0095
0274
0268
0056
0225
0099
0154
0024
0137
0283
0214
0076
0048
0097
0309
0322
0170
0287
0044
0134
0075
0035
0238
0066
0228
0052
0163
0320
0243
0153
0305
0008
0022
0208
0047
0031
0121
0085
0308
0183
0117
0049
0196
0127
0105
0173
0253
0135
0110
0240
0241
0251
0124
0189
0146
0256
0102
0178
0113
0087
0007
0174
0301
0125
0315
0043
0200
0232
0104
0211
0165
0235
0252
0298
0216
0215
0299
0131
0138
0169
0151
0273
0179
0030
0101
0150
0257
0250
0122
0231
0141
0288
0012
0161
0312
0259
0260
0206
0318
0130
0145
0194
0081
0156
0140
0016
0021
0111
0264
0159
0314
0317
0219
0270
0234
0192
0091
0237
0182
0258
0018
0067
0275
0077
0198
0109
0168
0167
0236
0172
0311
0093
0175
0058
0157
0026
