0027
0146
0070
0074
0079
0030
0086
0083
0032
0015
0077
0053
0126
0014
0169
0112
0157
0060
0051
0137
0103
0135
0049
0165
0130
0039
0069
0167
0109
0064
0128
0046
0164
0121
0097
0076
0034
0129
0094
0159
0042
0008
0050
0150
0114
0001
0066
0149
0110
0004
0139
0117
0007
0031
0037
0140
0002
0162
0010
0116
0105
0065
0055
0132
0023
0147
0028
0025
0101
0063
0115
0156
0035
0072
0163
0152
0012
0026
0080
0003
0059
0011
0047
0136
0104
0071
0100
0092
0144
0029
0153
0119
0075
0040
0131
0073
0108
0016
0098
0095
0021
0096
0118
0161
0024
0090
0084
0081
0018
0056
0061
0133
0078
0057
0158
0067
0106
0052
0054
0142
0166
0058
0045
0043
0019
0127
0044
0148
0099
0093
0154
0013
0022
0120
0151
